100
7742461
7
9309119
1750607
9987391
6735763
8763892
9999162
86293
12
1221469
2610613
8237213
3410821
3323191
7783893
6865010
8248729
9999971
5388168
9999930
5
3023326
6987083
9999972
5462959
4
1481717
9682616
7762723
9
10000000
4936439
9999991
2044523
983469
559513
8460583
8
3191803
1
5094841
2295773
11
10
7551991
9999973
8697851
9999995
3
9971849
4461642
3929879
6704676
6716541
4461643
4751053
9999998
2196613
9010879
7203246
928009
1264969
9999163
8184167
1144
3132736
13
3702389
3949061
4046177
6463741
140839
8603593
9999996
8291470
9999997
2360890
5103067
9999161
4461641
4170220
592432
6
615403
9999931
1862603
9999929
2872729
3877633
9999999
9325574
1403870
2
9516811
9299449
3855409
1281246
2896297
6697461
